0.000000000000000000e+00
3.474753833887215398e-02
6.886157980892922137e-02
1.038041820898385481e-01
1.410266114909385637e-01
1.786018956508286237e-01
2.134755330519553240e-01
2.482620554694652815e-01
2.844155671629545745e-01
3.234171192306949938e-01
3.595404016828472327e-01
3.945495677242073507e-01
4.300622403211088463e-01
4.675463733663036692e-01
5.062686262350599709e-01
5.418599101799135287e-01
5.771311215258663196e-01
6.135480886654202104e-01
6.526048883143076296e-01
6.896506308929133411e-01
7.250590640807127452e-01
7.608232084749767532e-01
7.984199917793546319e-01
8.375402864846416273e-01
8.734512377944980699e-01
9.089489391141137853e-01
9.455057076444717268e-01
9.846217415972209341e-01
1.022006304086486184e+00
1.057605223885296652e+00
1.093510913389576844e+00
1.131205125213786689e+00
1.170473518995073903e+00
1.206530739074667569e+00
1.242153448734332644e+00
1.278817535163923935e+00
1.318027397745178408e+00
1.355498202799246599e+00
1.391193337141148678e+00
1.427197171095322403e+00
1.464994799294340400e+00
1.504300140133741026e+00
1.540416920787582855e+00
1.576116162805897947e+00
1.612876035732128344e+00
1.652204556652660417e+00
1.689626931199017523e+00
1.725369028553096484e+00
1.761449832753093858e+00
1.799357107136479783e+00
1.838635813416189535e+00
1.874764948626702621e+00
1.910515136545207326e+00
1.947366116857674800e+00
1.986829241930931689e+00
2.024122295013926820e+00
2.059884674685176442e+00
2.096031877268157650e+00
2.134053945926306373e+00
2.173264533775610463e+00
2.209380254968451140e+00
2.245168126816823762e+00
2.282109032999088072e+00
2.321717503319852938e+00
2.358829175958073510e+00
2.394597879456722644e+00
2.430806865435722219e+00
2.468948237386259681e+00
2.508061347980567124e+00
2.544150197639699407e+00
2.579969555874460418e+00
