1.000000000000000000e+00
1.044256042949607721e+00
1.090895807101721404e+00
1.122658889800676851e+00
1.151690400871372644e+00
1.187339491880942566e+00
1.231211561809250954e+00
1.285599553874126499e+00
1.318248360740525982e+00
1.363031790110208030e+00
1.394619233845423301e+00
1.441132702645167019e+00
1.489877767402180808e+00
1.530671468144408021e+00
1.571080600767200686e+00
1.610994167650019682e+00
1.652130099624358195e+00
1.700877281775370120e+00
1.741922644879530857e+00
1.784063325601837224e+00
1.825135530707634901e+00
1.867745112863999024e+00
1.916758569363614884e+00
1.959122911147232582e+00
2.000971909621387823e+00
2.051740137581985035e+00
2.086965275969865807e+00
2.136460276605526509e+00
2.180167080810447633e+00
2.222325592671350769e+00
2.274312172867005266e+00
2.317223697507549751e+00
2.367998028232563001e+00
2.404205187208034999e+00
2.455723489149912009e+00
2.499718666610647677e+00
2.542991206268211180e+00
2.595151201533321572e+00
2.638873846536355039e+00
2.684429651945812623e+00
2.735176268041918046e+00
2.779804557679743215e+00
2.824610872202332867e+00
2.877469898477173160e+00
2.915171316524312051e+00
2.966063537454144416e+00
3.019091976002235000e+00
3.064003402324900094e+00
3.110778376520736632e+00
3.155020882559882889e+00
3.207443089675693138e+00
3.260467679533606056e+00
3.314638105801826828e+00
3.353540600199508503e+00
3.405673789535803575e+00
3.466709921262876914e+00
3.512957825449165128e+00
3.561067710748999637e+00
3.613877156905179966e+00
3.660315985370879321e+00
3.714049661571630079e+00
3.769405190704347763e+00
3.809304515476683584e+00
3.862215096266147896e+00
3.908951073073159144e+00
3.970781552717547402e+00
4.019831896557250595e+00
4.066045567616422218e+00
4.113127011049349413e+00
4.167067158912640679e+00
4.223090759397233995e+00
4.270990783495513199e+00
4.324712270531409608e+00
