0.000000000000000000e+00
5.826656955571740681e-02
1.165331391114348136e-01
1.747997086671522204e-01
2.330662782228696273e-01
2.913328477785870341e-01
3.495994173343044409e-01
4.078659868900218477e-01
4.661325564457392545e-01
5.243991260014566613e-01
5.826656955571740681e-01
6.409322651128914750e-01
6.991988346686088818e-01
7.574654042243262886e-01
8.157319737800436954e-01
8.739985433357611022e-01
9.322651128914785090e-01
9.905316824471959158e-01
1.048798252002913323e+00
1.107064821558630729e+00
1.165331391114348136e+00
1.223597960670065543e+00
1.281864530225782950e+00
1.340131099781500357e+00
1.398397669337217764e+00
1.456664238892935170e+00
1.514930808448652577e+00
1.573197378004369984e+00
1.631463947560087391e+00
1.689730517115804798e+00
1.747997086671522204e+00
1.806263656227239611e+00
1.864530225782957018e+00
1.922796795338674425e+00
1.981063364894391832e+00
2.039329934450109238e+00
2.097596504005826645e+00
2.155863073561544052e+00
2.214129643117261459e+00
2.272396212672978866e+00
2.330662782228696273e+00
2.388929351784413679e+00
2.447195921340131086e+00
2.505462490895848493e+00
2.563729060451565900e+00
2.621995630007283307e+00
2.680262199563000713e+00
2.738528769118718120e+00
2.796795338674435527e+00
2.855061908230152934e+00
2.913328477785870341e+00
2.971595047341587748e+00
3.029861616897305154e+00
3.088128186453022561e+00
3.146394756008739968e+00
3.204661325564457375e+00
3.262927895120174782e+00
3.321194464675892188e+00
3.379461034231609595e+00
3.437727603787327002e+00
3.495994173343044409e+00
3.554260742898761816e+00
3.612527312454479222e+00
3.670793882010196629e+00
3.729060451565914036e+00
3.787327021121631443e+00
3.845593590677348850e+00
3.903860160233066257e+00
3.962126729788783663e+00
4.020393299344501514e+00
4.078659868900218477e+00
4.136926438455935440e+00
4.195193008011653291e+00
