5.971310213081318929e-01
6.061321564837882647e-01
6.149382032444492552e-01
6.235959330182652138e-01
6.321480198632111192e-01
6.406333124354782749e-01
6.494866364019765692e-01
6.584356656110585959e-01
6.671380071943980861e-01
6.756334395911807178e-01
6.839585056379722250e-01
6.921680986287720438e-01
7.008373931115343680e-01
7.091835018201351204e-01
7.172443413107008059e-01
7.250549555692155090e-01
7.326477619742656211e-01
7.400527813237876007e-01
7.472978508298169231e-01
7.544088197987832700e-01
7.614097283104399594e-01
7.683229696249516127e-01
7.751694373206513555e-01
7.819686583261216128e-01
7.887389130862653142e-01
7.954973441148661673e-01
8.022600541537651120e-01
8.090421950949983065e-01
8.161991036569844482e-01
8.233714610506102094e-01
8.304327641071840294e-01
8.374015801240043411e-01
8.442953771935748364e-01
8.511306217267531338e-01
8.579228675754724254e-01
8.650633218849534956e-01
8.720479335679011124e-01
8.788774829170880043e-01
8.855696460419247851e-01
8.921411353048658288e-01
8.986077864758428291e-01
9.049846379490134041e-01
9.112860027068780955e-01
9.175255336808186835e-01
9.237162831199891011e-01
9.298707565420987198e-01
9.360009618012981036e-01
9.421184537706915885e-01
9.482343750999717713e-01
9.543594934726205015e-01
9.605042357526040186e-01
9.666787193769508235e-01
9.728927813184284901e-01
9.792556647979087092e-01
9.858111608126899350e-01
