1.968429563375515556e-01
2.334865410706719047e-01
2.633561028714718200e-01
2.892248500024194868e-01
3.115430432148459383e-01
3.323004222252130546e-01
3.517452705471922347e-01
3.701064935939347156e-01
3.875963887206204106e-01
4.042422698755932520e-01
4.199630345761716232e-01
4.349083253993045739e-01
4.493325033806397362e-01
4.634705426687114604e-01
4.767847578826914234e-01
4.893849750609445270e-01
5.013745469339170313e-01
5.128503041446599298e-01
5.239025029809335487e-01
5.346148060247060130e-01
5.450643153740012403e-01
5.553216657890704955e-01
5.661367699939342524e-01
5.765698449712672868e-01
5.866323244954259053e-01
