1.941983486574372364e-01
2.347718262126766153e-01
2.655138064005791998e-01
2.894461724254000501e-01
3.115487728486575070e-01
3.320911389493114152e-01
3.513195071866613839e-01
3.694610020047548460e-01
3.867264108260002331e-01
4.033118685060751440e-01
4.195229008917209512e-01
4.354893958334547510e-01
4.503935417890924109e-01
4.643579388622001147e-01
4.774986055665498275e-01
4.899251236873259363e-01
5.017406504202714945e-01
5.130418757358843340e-01
5.239189791182472522e-01
5.344556191059220973e-01
5.447289727835524786e-01
5.548098308582041227e-01
5.647627467128206735e-01
5.746462339251365847e-01
5.847198958147974412e-01
