1.942830035027777458e-01
2.348941872270107756e-01
2.654992093471051362e-01
2.894387623651487051e-01
3.115484560812783466e-01
3.320978984293816438e-01
3.513333936570693372e-01
3.694821251750018409e-01
3.867549302878548478e-01
4.033479842567923024e-01
4.195617537512082440e-01
4.354486871057403619e-01
4.503585617603912405e-01
4.643286728216769466e-01
4.774750498456464820e-01
4.899072843127001420e-01
5.017285415870370580e-01
5.130355179005784416e-01
5.239183966290827943e-01
5.344608374033891218e-01
5.447400152977952548e-01
5.548267157907791347e-01
5.647854839177123276e-01
5.746748220996806822e-01
5.850487258461829487e-01
