5.959230296335533694e-01
6.060949330732180451e-01
6.162479858591041193e-01
6.259238206879539357e-01
6.351799881837033590e-01
6.440696845849723795e-01
6.526420051074144357e-01
6.609422121220092095e-01
6.690120073288549074e-01
6.768897997527384414e-01
6.846109637758814870e-01
6.922080834474115818e-01
6.997111809372189573e-01
7.071479282489955276e-01
7.145438422152304847e-01
7.219224634195644530e-01
7.293055200838362007e-01
7.369086418096012503e-01
7.448246957729811601e-01
7.525888979563811754e-01
7.602267733352381374e-01
7.677620001303703257e-01
7.757101902193662690e-01
7.834018353366378751e-01
7.908638348971900323e-01
7.981218784675452316e-01
8.051999333706542084e-01
8.121204031479483110e-01
8.189042716472840766e-01
8.255712336600945500e-01
8.321398130938224558e-01
8.386274696896217629e-01
8.450506952906853275e-01
8.514251006404265354e-01
8.577654936487608683e-01
8.640859500136315319e-01
8.703998770270306995e-01
8.767200713333522799e-01
8.830587713447167753e-01
8.894277049548833247e-01
8.958381331308610251e-01
9.023934101942547858e-01
9.092279643846978843e-01
9.159894564298364239e-01
9.226919224805716357e-01
9.293487530835259358e-01
9.360771234551302777e-01
9.429534264292318557e-01
9.496821183215994333e-01
9.562781740306860456e-01
9.627558582498398909e-01
9.691287883296269001e-01
9.754099918266755376e-01
9.816119591768643904e-01
9.877466919035526871e-01
