1.955084869096263278e-01
2.365094255371218424e-01
2.670433028087444427e-01
2.914640186754363649e-01
3.140684950421619992e-01
3.351335026512624049e-01
3.549135598762281352e-01
3.736452219401845132e-01
3.915499545013526594e-01
4.090029596869347306e-01
4.266684446885093962e-01
4.438134790159651288e-01
4.600131608258332117e-01
4.753351479224742215e-01
4.899191625628986912e-01
5.039007998984956771e-01
5.174118178925202205e-01
5.305804202667232516e-01
5.435315846343418134e-01
5.563874627286982122e-01
5.756333395547461595e-01
5.947610955297358837e-01
6.137974445523159961e-01
6.329447148672049384e-01
6.524115853161541745e-01
