5.959001184861728584e-01
6.065404716534221752e-01
6.166433011727008306e-01
6.262705992181452075e-01
6.354797747017594256e-01
6.443238840886209573e-01
6.528518895252185539e-01
6.611089306801171128e-01
6.691365994875344558e-01
6.769732097003544613e-01
6.846540555906106551e-01
6.922116561815224722e-01
6.996759830285483872e-01
7.070746708091704136e-01
7.144332108767343925e-01
7.217751285403555261e-01
7.291221452086962262e-01
7.364943267327200838e-01
7.439102193486372139e-01
7.518560346539189254e-01
7.600160404498670363e-01
7.682077052282162422e-01
7.761142719117467559e-01
7.837652438877757977e-01
7.911880518342778723e-01
7.984082432284603792e-01
8.054496558484107727e-01
8.123345759312670111e-01
8.190838818264296606e-01
8.257171740923656689e-01
8.322528930456034590e-01
8.387084247921710034e-01
8.451001967647826518e-01
8.514437637610754450e-01
8.577538854358337517e-01
8.640445961468637970e-01
8.703292679953495981e-01
8.766206678384496076e-01
8.829310089879124357e-01
8.892719982437402582e-01
8.956548788496239144e-01
9.020904698948701839e-01
9.085892026293459489e-01
9.153680592400590399e-01
9.222735002552534533e-01
9.294441214123168038e-01
9.364493230490016362e-01
9.432922494029251093e-01
9.499885580739448887e-01
9.565531348685425428e-01
9.630001621055512828e-01
9.693431811430244238e-01
9.755951495916121985e-01
9.817684936516333227e-01
9.878751559841134622e-01
