2.015938869967944247e-01
2.331181181820932979e-01
2.622397828180472179e-01
2.893848243217291838e-01
3.139231136836902469e-01
3.359679552562511162e-01
3.567155800553957201e-01
3.760316340416285930e-01
3.939649685467448426e-01
4.108504959107742716e-01
4.268599565178305966e-01
4.421566873943234555e-01
4.568963094291167981e-01
4.721488164053369019e-01
4.880178828370678734e-01
5.032389280772756601e-01
5.179512421055036953e-01
5.322905732698448578e-01
5.463895111519742054e-01
5.608204414081374711e-01
5.753074929217945055e-01
5.895536322477591407e-01
6.036976463872403276e-01
6.371828251668365528e-01
6.723565554638213371e-01
