1.950134323774695422e-01
2.347943279560240626e-01
2.653747161827718637e-01
2.893757484687379256e-01
3.115461101058135118e-01
3.321560605032326530e-01
3.514524794675347730e-01
3.696630510677181292e-01
3.869990369161323551e-01
4.036919598067166826e-01
4.197598844125659534e-01
4.351005884030550996e-01
4.500594982902630936e-01
4.640785342678791503e-01
4.772738091014000483e-01
4.897549841266860549e-01
5.016252810124701700e-01
5.129814368961641557e-01
5.239136580024658096e-01
5.345056061403188341e-01
5.448344360356476290e-01
5.549708896838249084e-01
5.649794463757917828e-01
5.754749177541498284e-01
5.858561328391260759e-01
