5.963854062199361872e-01
6.058853124800478440e-01
6.152859743460841191e-01
6.250799649273824921e-01
6.344505271010068004e-01
6.434511902106715420e-01
6.521313670282644637e-01
6.605366132162064918e-01
6.687088933703659865e-01
6.766868452825391955e-01
6.845060363490322874e-01
6.921992080248646761e-01
6.997965058371538039e-01
7.073256937301574121e-01
7.148123524504074178e-01
7.222800623389105112e-01
7.302853092671620638e-01
7.381159841968489843e-01
7.457749060408087605e-01
7.532889737711899736e-01
7.606831426962596954e-01
7.679805944291105968e-01
7.752028932419025020e-01
7.825172669129495384e-01
7.900746946959043004e-01
7.974248945005643074e-01
8.045921465522714033e-01
8.115991379304704489e-01
8.184671077155496466e-01
8.252159789337767393e-01
8.318644782324291498e-01
8.384302442471434080e-01
8.449299256238020916e-01
8.513792696359523404e-01
8.577932023017945662e-01
8.641859008574321876e-01
8.705708593885882474e-01
8.769609483646665371e-01
8.833684687584988371e-01
8.898643017979932512e-01
8.966757821786697225e-01
9.033892369266471878e-01
9.100197225861752504e-01
9.165815631347389303e-01
9.230884146825909520e-01
9.295533247274315736e-01
9.359887864643425814e-01
9.424067886132938554e-01
9.489364175408923074e-01
9.556090825134806455e-01
9.621613673319171500e-01
9.686070733162838176e-01
9.749593974334835877e-01
9.812309857923615652e-01
9.874339826738787185e-01
