1.372692542183360676e+00
1.382679031851650198e+00
1.392236635906273223e+00
1.401422449586307239e+00
1.410289181361417121e+00
1.418885398270706588e+00
1.427255785466066129e+00
1.435441410148231345e+00
1.443479982530323724e+00
1.451406108649376137e+00
1.459251531667151713e+00
1.467045359731435017e+00
1.475177841319114780e+00
1.483397412411824323e+00
1.491402581749233125e+00
1.499225292913742180e+00
1.506895066149360307e+00
1.514439203632544917e+00
1.521882980414507758e+00
1.529249820985224773e+00
1.536848179296815831e+00
1.544527598079242781e+00
1.551992536314963589e+00
1.559269161971746032e+00
1.566381859373933594e+00
1.573353390956442555e+00
1.580205044606599163e+00
1.586956767478630015e+00
1.593627287254566482e+00
1.600234221866306372e+00
1.606794178697837028e+00
1.613322844264073241e+00
1.619835065320992529e+00
1.626344922306994789e+00
1.632865795952040289e+00
1.639585558776678997e+00
1.646485801733453602e+00
1.653277622638546607e+00
1.659977326503792483e+00
1.666600365332617573e+00
1.673161413651483631e+00
1.679674437495196404e+00
1.686152757443279970e+00
1.692609106263405438e+00
1.699058459765625972e+00
1.705829466457652988e+00
1.712471500443433658e+00
1.718999362703120370e+00
1.725427159004586430e+00
1.731768361580596549e+00
1.738035865525907386e+00
1.744242040374102576e+00
1.750398777284190688e+00
1.756517532238467627e+00
1.762609365625580127e+00
