5.959582266444389820e-01
6.065925063658188510e-01
6.166894805806274471e-01
6.263111230192303092e-01
6.355148238356941315e-01
6.443536212000205987e-01
6.528764600509759930e-01
6.611284644033142976e-01
6.691512124069944889e-01
6.769830060797563664e-01
6.846591300702963290e-01
6.922120958568598326e-01
6.996718694194683508e-01
7.070660816644315227e-01
7.144202217734847427e-01
7.217578142542061537e-01
7.291005808417404532e-01
7.364685885972003243e-01
7.438803856124966973e-01
7.515700740337649677e-01
7.600732480741214658e-01
7.682597779849681396e-01
7.761614229344431237e-01
7.838076651013967666e-01
7.912259156421559414e-01
7.984417042113112206e-01
8.054788524479192802e-01
8.123596320953911931e-01
8.191049085979262845e-01
8.257342711256516754e-01
8.322661500403754076e-01
8.387179228348859983e-01
8.451060095716537157e-01
8.514459588184142280e-01
8.577525250353374986e-01
8.640397383152441657e-01
8.703209673191049101e-01
8.766089761858802953e-01
8.829159761314855359e-01
8.892536723872433990e-01
8.956333070649856731e-01
9.020656984747953411e-01
9.085612773624660576e-01
9.151301204774711096e-01
9.223117600710750708e-01
9.294916156685886222e-01
9.364928337306182016e-01
9.433319052308419828e-01
9.500244757972305942e-01
9.565854202563978115e-01
9.630289109032853512e-01
9.693684799910352590e-01
9.756170769065946047e-01
9.817871204692801834e-01
9.878905467627845383e-01
