2.005272637394644453e-01
2.315914956320620777e-01
2.602358044202688347e-01
2.868787649521114536e-01
3.115884286247213031e-01
3.331141861479356980e-01
3.533324043565215788e-01
3.718708930167219373e-01
3.890580586671035235e-01
4.051536735190192084e-01
4.203159351981705649e-01
4.346931280536830977e-01
4.484241801697142482e-01
4.616388833048384877e-01
4.744579091839137286e-01
4.874806353483833732e-01
5.000866835750699124e-01
5.121803482004143593e-01
5.238520506577348801e-01
5.358272777922176155e-01
5.472424181675918931e-01
5.580820077365586940e-01
5.684223223181845697e-01
5.783343036871191334e-01
5.878836590217275671e-01
