2.643909325133136434e+01
2.750385015542230605e+01
2.851647919216850369e+01
2.948295108042842827e+01
3.048478477646719043e+01
3.147347785936713649e+01
3.247773026110732530e+01
3.349322460767594123e+01
3.648612224308848795e+01
3.759855159421542226e+01
3.874642146445098945e+01
3.988342445423027982e+01
4.097750092364900354e+01
4.202985554588030936e+01
4.307786438214893820e+01
4.410102338972147606e+01
4.508579274867140896e+01
4.605748005901190822e+01
4.701704280634037048e+01
4.794142169740846526e+01
4.883176055345986555e+01
4.968919314187755276e+01
5.051483934625805716e+01
5.134683231730052455e+01
5.220689991119024853e+01
5.303819510645068647e+01
5.384164230486874203e+01
5.461814688319489619e+01
5.539948940763276397e+01
5.808695313392746584e+01
5.897769511727113922e+01
5.986882077203188146e+01
6.073437440814095112e+01
6.160390475496051721e+01
6.245850788897575967e+01
6.328918037337452773e+01
6.409653946593326168e+01
6.490446420575051434e+01
6.569969544708303033e+01
6.647405691950854134e+01
6.725785218932881548e+01
6.802050177050703894e+01
6.879296362904622697e+01
6.954561747491439405e+01
7.027836687017440909e+01
7.099171829697166913e+01
7.171496160735564729e+01
7.246659837234969359e+01
7.321424238148861718e+01
7.396296392142431841e+01
7.471834289526327666e+01
7.546071372331402927e+01
7.618617245477690858e+01
7.862701232592263523e+01
7.944792581020124089e+01
8.031923864032049210e+01
8.117918778572453675e+01
8.202220738683374179e+01
