2.702339884595741282e+01
2.822356653754520650e+01
2.937797348202101233e+01
3.049647705796601826e+01
3.162116465452182368e+01
3.275927719192314669e+01
3.389310464751658714e+01
3.497864983388820548e+01
3.601720462139465440e+01
3.704119263403202922e+01
3.804519989657312351e+01
3.900624507431248844e+01
3.998698376821948841e+01
4.098861449098335186e+01
4.199115964708452964e+01
4.295597237108582789e+01
4.388429864114825563e+01
4.477737893609787534e+01
4.563644164652173174e+01
4.850864676675324461e+01
4.955057324513717987e+01
5.055889820978275395e+01
5.153410315780421769e+01
5.247711942083005709e+01
5.338887367279846785e+01
5.430997969286129745e+01
5.520446155171234892e+01
5.607000260664104019e+01
5.690745550043187961e+01
5.771766214436121345e+01
5.850145241180128153e+01
5.925964298033966315e+01
5.999303631021972905e+01
6.071650856160366772e+01
6.148098117362876280e+01
6.222890987978529154e+01
6.295502676764967021e+01
6.370883278577831277e+01
6.446577539108653809e+01
6.523038505051668778e+01
6.597442948869638712e+01
6.671305029747205140e+01
6.934546957356505459e+01
7.019329669692581319e+01
7.107087887755621125e+01
7.193591552111652732e+01
7.278104759482323516e+01
7.361803560544049674e+01
7.445348376880329511e+01
7.526989473939460140e+01
7.606764602779253437e+01
7.684711087252347284e+01
7.760865810970517487e+01
7.835265206430904072e+01
7.907945246103847126e+01
7.978941435270598959e+01
8.048288806394475614e+01
8.117230881476646687e+01
