2.202998558031591614e+00
2.833896777557687763e+00
3.522939637446037775e+00
4.259456317078923249e+00
4.995235369906929179e+00
5.781949371982443964e+00
6.598857509731573145e+00
8.862763308547334518e+00
9.963832732662940117e+00
1.112497732118924532e+01
1.232150126398751411e+01
1.351156426340527261e+01
1.471922125728135811e+01
1.594139731617448952e+01
1.717501633614109124e+01
1.836457076070132644e+01
1.950734525585285084e+01
2.063131609044046044e+01
2.174849578378427140e+01
2.281576437027184667e+01
