2.677445853006354071e+01
2.790100950260681500e+01
2.904848287720737687e+01
3.014420537990017124e+01
3.123357745177673550e+01
3.238686306310901841e+01
3.351708972154494148e+01
3.459994580403609632e+01
3.563671248489565357e+01
3.662877627882633647e+01
3.760234355828987418e+01
3.861332371216111881e+01
3.958723357760106865e+01
4.052152697479035481e+01
4.141758817176487639e+01
4.430905313299339099e+01
4.530762020018745773e+01
4.634243479703275881e+01
4.735664031062628254e+01
4.833539380251842488e+01
4.927976242201610546e+01
5.019127309270033521e+01
5.111887480812509210e+01
5.208939296848697609e+01
5.304253123307447026e+01
5.396548088944444999e+01
5.485910349406188402e+01
5.572425058159146971e+01
5.656176213906501715e+01
5.737246529328340472e+01
5.815717319345971248e+01
5.891668407179512457e+01
5.965178046510226295e+01
6.036322858098078825e+01
6.105177779257081028e+01
6.171816024663907996e+01
6.236309057071518680e+01
6.489436546169179110e+01
6.570656855648070405e+01
6.656018958614299663e+01
6.742320490751424700e+01
6.829348193282673662e+01
6.914918766022651653e+01
6.998421934228900909e+01
7.079902830997161800e+01
7.161874994394624139e+01
7.246934932744845526e+01
7.332307723196203142e+01
7.415766584659372995e+01
7.497349484845327083e+01
7.577093890073800253e+01
7.655036750442751270e+01
7.731214488303211851e+01
7.805662989919025563e+01
7.878417600127590958e+01
7.949513119762792712e+01
8.018983805556715083e+01
8.086863372203507083e+01
