5.600539987685687038e+01
5.869589236506135421e+01
6.140389824695802190e+01
6.404850890505642269e+01
6.668606528449257098e+01
6.944292872877878153e+01
7.217436168375459715e+01
7.482490464392660101e+01
7.742670615156485781e+01
8.000042393873098945e+01
8.261949142016109704e+01
8.525109690024353881e+01
8.782779256521843081e+01
9.040540042084285233e+01
9.289681398734310847e+01
9.538652193294866777e+01
9.982241898858633533e+01
1.023216074396972886e+02
1.047851177619913301e+02
1.072013618157925237e+02
1.095247176481732083e+02
1.117563107978266146e+02
1.139392789324796524e+02
1.160915923876045639e+02
1.181570709332334417e+02
1.201378928143100069e+02
1.220364456924742740e+02
1.238930568920506943e+02
1.256929994558069268e+02
1.274583428703802923e+02
1.292493788343042525e+02
1.310325008656725743e+02
1.327583581529159460e+02
1.344329059276586804e+02
1.360694654674888682e+02
1.376454017180726623e+02
1.391799773748974474e+02
1.407364744353262722e+02
1.441632251451821958e+02
1.458153637023323768e+02
1.474141912884369106e+02
1.490123682295561025e+02
1.506118855947573536e+02
1.521625172365037315e+02
1.536954796774738270e+02
1.552006025253489838e+02
1.566794912606166577e+02
1.581150673857736990e+02
1.595130865780422482e+02
1.609029512034711615e+02
1.622532506590139576e+02
1.635855685098551362e+02
1.648975611115822630e+02
1.661820841502789676e+02
1.674943141432870561e+02
1.688444661909242086e+02
1.702018180488974792e+02
1.715522714424280650e+02
