2.681346613582426386e+01
2.794073848178756947e+01
2.908886598387452338e+01
3.019828353040285407e+01
3.130769854486410964e+01
3.246224946407035361e+01
3.359326081758814553e+01
3.467672433355927808e+01
3.571392336035853532e+01
3.670624856028628358e+01
3.767619661976742407e+01
3.869103951264690977e+01
3.966474561744009719e+01
4.059869543750028242e+01
4.149428347515647886e+01
4.431713015642606024e+01
4.532939480452581194e+01
4.638063048669825861e+01
4.739528821378347345e+01
4.837443376890364277e+01
4.931913408245138442e+01
5.023045275337835847e+01
5.117705595839301935e+01
5.216178875349765320e+01
5.311536326586614365e+01
5.403865062407516717e+01
5.493251418761734328e+01
5.579780774539008803e+01
5.663537394569770811e+01
5.744604293887351076e+01
5.823063121486239169e+01
5.898994061876458517e+01
5.972475752776341551e+01
6.043585217326433678e+01
6.112397809261550208e+01
6.178987169553153791e+01
6.243425193131888307e+01
6.307520085034901314e+01
6.574149450712533849e+01
6.659082983967390135e+01
6.745216480218196864e+01
6.832926188431758874e+01
6.918519315296137506e+01
7.002041540212151460e+01
7.083538005366359869e+01
7.166229118890630900e+01
7.253587443281718095e+01
7.338987446798496705e+01
7.422467619783961368e+01
7.504065987109902380e+01
7.583820089316014901e+01
7.661766967032457387e+01
7.737943148636713886e+01
7.812384641026640963e+01
7.885126923328974158e+01
7.956204943308442523e+01
8.025653116199333681e+01
8.093505325649462634e+01
