2.693693620359253060e+01
2.807546035763274617e+01
2.922412405055930762e+01
3.038738726837253523e+01
3.150139172805249643e+01
3.265369922928677227e+01
3.378661010031271417e+01
3.487150947188879968e+01
3.590968609528863453e+01
3.690254144198677011e+01
3.790534938483935434e+01
3.888512915827599414e+01
3.985806997356850445e+01
4.079115062048721541e+01
4.174025174901331070e+01
4.270218738559809424e+01
4.363027557006495272e+01
4.647966081334946864e+01
4.746984230021273987e+01
4.844978317177462657e+01
4.941476580620071246e+01
5.041925761162607245e+01
5.139334080622168699e+01
5.233987076559766649e+01
5.329443709124047501e+01
5.421846683621471641e+01
5.511282755204515382e+01
5.597837843187066653e+01
5.681596866484142083e+01
5.762643599056805499e+01
5.841060543620032774e+01
5.916928822027988844e+01
5.990328080870169458e+01
6.061336410911331285e+01
6.130030279101641355e+01
6.199529365388976032e+01
6.272112415197383939e+01
6.343156885261282696e+01
6.418099183150170006e+01
6.494594600436187193e+01
6.757037986565285337e+01
6.841296297855330977e+01
6.924899948227175628e+01
7.010575580523624240e+01
7.097409740141357304e+01
7.183869233928855635e+01
7.269249255312456626e+01
7.354711279066754059e+01
7.438238893023545018e+01
7.519870234140081777e+01
7.599643000234516421e+01
7.677594433726872580e+01
7.753761308207305092e+01
7.828179917690006562e+01
7.900886068366148152e+01
7.971915072632316424e+01
8.041301745143698554e+01
8.109080400623520291e+01
