0.000000000000000000e+00
1.165331391114348206e-02
2.330662782228696411e-02
3.495994173343044964e-02
4.661325564457392823e-02
5.826656955571740681e-02
6.991988346686089928e-02
8.157319737800437787e-02
9.322651128914785645e-02
1.048798252002913350e-01
1.165331391114348136e-01
1.281864530225783061e-01
1.398397669337217986e-01
1.514930808448652633e-01
1.631463947560087557e-01
1.747997086671522204e-01
1.864530225782957129e-01
1.981063364894392054e-01
2.097596504005826701e-01
2.214129643117261625e-01
2.330662782228696273e-01
2.447195921340131197e-01
2.563729060451566122e-01
2.680262199563001047e-01
2.796795338674435971e-01
