2.447195921340131197e-01
2.563729060451566122e-01
2.680262199563001047e-01
2.796795338674435971e-01
2.913328477785870341e-01
3.029861616897305265e-01
3.146394756008740190e-01
3.262927895120175115e-01
3.379461034231610039e-01
3.495994173343044409e-01
3.612527312454479334e-01
3.729060451565914258e-01
3.845593590677349183e-01
3.962126729788784107e-01
4.078659868900218477e-01
4.195193008011653402e-01
4.311726147123088326e-01
4.428259286234523251e-01
4.544792425345958176e-01
4.661325564457392545e-01
4.777858703568827470e-01
4.894391842680262394e-01
5.010924981791696764e-01
5.127458120903132244e-01
5.243991260014566613e-01
5.360524399126002093e-01
5.477057538237436463e-01
5.593590677348871942e-01
5.710123816460306312e-01
5.826656955571740681e-01
5.943190094683176161e-01
6.059723233794610531e-01
6.176256372906046010e-01
6.292789512017480380e-01
6.409322651128914750e-01
6.525855790240350229e-01
6.642388929351784599e-01
6.758922068463220079e-01
6.875455207574654448e-01
6.991988346686088818e-01
7.108521485797524297e-01
7.225054624908958667e-01
7.341587764020394147e-01
7.458120903131828516e-01
7.574654042243262886e-01
7.691187181354698366e-01
7.807720320466132735e-01
7.924253459577568215e-01
8.040786598689002584e-01
8.157319737800436954e-01
8.273852876911872434e-01
8.390386016023306803e-01
8.506919155134742283e-01
8.623452294246176653e-01
8.739985433357611022e-01
8.856518572469046502e-01
8.973051711580480871e-01
9.089584850691916351e-01
